x:99.984375,y:409.765625
x:243.671875,y:383.296875
